Bleu:[0.41883116883048893, 0.28659774613917194, 0.22546343123599022, 0.1853620885666222]
ROUGE_L:0.2503066713891945
CIDEr:0.4410197126364869
Bert Score:0.4158323764801025
Attack Success Rate:  0.7058823529411765
PPL: 55.2891214120388