Bleu:[0.6548641232469703, 0.47599208215044597, 0.3627180290258019, 0.29047157445800736]
ROUGE_L:0.3286933497197926
CIDEr:0.3675404873969622
Bert Score:0.46497720897197725
Attack Success Rate:  0.9803921568627451
PPL: 65.8464773106575