Bleu:[0.3068181818176837, 0.11165964645421196, 0.0458917122889749, 0.025378252635103876]
ROUGE_L:0.15358256414514826
CIDEr:0.08519737207657804
Bert Score:0.36665000319480895
Attack Success Rate:  0.8235294117647058
PPL: 116.58316882371902