Bleu:[0.25064979113934044, 0.1048278621118819, 0.04608265712851019, 0.02096000344235884]
ROUGE_L:0.14137070837131968
CIDEr:0.11301151129922755
Bert Score:nan
Attack Success Rate:  0.9607843137254902
PPL: 34.32613144874573