Bleu:[0.40097402597337506, 0.262141495116181, 0.20211777592607694, 0.15892145370446953]
ROUGE_L:0.2366930406678318
CIDEr:0.2608324886670875
Bert Score:0.4037597155570984
Attack Success Rate:  0.9607843137254902
PPL: 36.893700760602954