Bleu:[0.3620129870123993, 0.1823708959320516, 0.10103234845904409, 0.06680507936490956]
ROUGE_L:0.19779369576539202
CIDEr:0.14001097212812477
Bert Score:0.3701812940835953
Attack Success Rate:  0.9607843137254902
PPL: 81.78258950471879