Bleu:[0.5542950556040122, 0.4232027796361932, 0.35093280183728814, 0.29679033675571254]
ROUGE_L:0.3619529193590045
CIDEr:0.5977802360722761
Bert Score:0.4792527192831039
Attack Success Rate:  0.5294117647058824
PPL: 45.09666052103043