Bleu:[0.3409090909085375, 0.16093307274423013, 0.08203726946217012, 0.04342024124929037]
ROUGE_L:0.17623376319667106
CIDEr:0.12032819564888085
Bert Score:0.3696165132522583
Attack Success Rate:  0.8823529411764706
PPL: 104.86824002504349